洪峰流量=21.58m^3/s
洪水总量=0.0199万m^3
000           00000.548
001           00003.323
002           00006.440
003           00010.070
004           00014.386
005           00018.360
006           00021.579
007           00020.210
008           00019.490
009           00018.155
010           00016.476
011           00015.483
012           00014.661
013           00014.011
014           00013.531
015           00013.223
016           00013.086
017           00013.121
018           00013.155
019           00013.361
020           00013.566
021           00013.772
022           00014.149
023           00014.526
024           00014.903
025           00015.279
026           00015.656
027           00016.204
028           00016.581
029           00017.044
030           00017.506
031           00017.969
032           00018.431
033           00018.894
034           00019.356
035           00019.819
036           00020.282
037           00019.733
038           00019.185
039           00018.637
040           00018.089
041           00017.541
042           00016.993
043           00016.444
044           00015.896
045           00015.348
046           00014.800
047           00014.252
048           00013.704
049           00013.156
050           00012.607
051           00012.059
052           00011.511
053           00010.963
054           00010.415
055           00009.867
056           00009.319
057           00008.770
058           00008.222
059           00007.674
060           00007.126
061           00006.578
062           00006.030
063           00005.481
064           00004.933
065           00004.385
066           00003.837
067           00003.289
068           00002.741
069           00002.193
070           00001.644
071           00001.096
072           00000.548
